global.recoil = 0
image_xscale = 0.3895896 
image_yscale = 0.4791667 

depth = -10;
